9899276 9900844
-858993460 -858993460 -858993460 -858993460 -858993460 -858993460 -858993460 -858993460 -858993460 -858993460 -858993460 -858993460 -858993460 -858993460 -858993460 -858993460 -858993460 -858993460 -858993460 -858993460 
9901016 2931836 10024980 9899292 7426048 -858993460 -858993460 -858993460 -858993460 -858993460 
-858993460 -858993460
-858993460 -858993460 -858993460 -858993460 -858993460 -858993460 -858993460 -858993460 -858993460 -858993460 -858993460 -858993460 -858993460 -858993460 -858993460 -858993460 -858993460 -858993460 -858993460 -858993460 
-858993460 -858993460 -858993460 -858993460 -858993460 -858993460 -858993460 -858993460 -858993460 -858993460 
-858993460 -858993460
-858993460 -858993460 -858993460 -858993460 -858993460 -858993460 -858993460 -858993460 -858993460 -858993460 -858993460 -858993460 -858993460 -858993460 -858993460 -858993460 -858993460 -858993460 -858993460 -858993460 
-858993460 -858993460 -858993460 -858993460 -858993460 -858993460 -858993460 -858993460 -858993460 -858993460 
-858993460 -858993460
0 0 0 0 0 0 0 0 0 0 0 0 0 0 0 0 0 0 -859045888 -858993460 
-858993460 -858993460 -858993460 -858993460 -858993460 -858993460 2933516 -858993460 -858993460 0 
-858993460 1
0 0 -858993460 -858993460 29 30 31 27 0 0 0 0 0 0 -858993460 -858993460 0 0 0 0 
-858993460 -858993460 0 0 0 0 0 0 0 0 
0 0
0 0 0 0 0 0 0 0 0 0 0 0 0 0 0 0 0 0 0 0 
0 0 0 0 0 0 0 0 0 0 
0 0
0 0 0 0 0 0 0 0 0 0 0 0 0 0 0 0 0 0 0 0 
0 0 0 0 0 0 0 0 0 0 
0 0
0 0 0 0 0 0 0 0 0 0 0 0 0 0 0 0 0 0 0 0 
0 0 0 0 0 0 0 0 0 0 
0 0
0 0 0 0 0 0 0 0 0 0 0 0 0 -858993460 -858993460 231525580 -858993460 -858993460 0 -858993460 
0 0 0 0 0 0 0 0 0 0 
1 30
1 1 5291132 10270520 1 7426048 -858993460 1 -858993460 -858993460 -858993460 -858993460 -858993460 -858993460 -858993460 -858993460 -858993460 -858993460 -858993460 -858993460 
0 0 0 0 0 0 0 0 0 0 
